11566,
28191,
143356,
65640,
25880,
8113,
12433,
66285,
12142,
10581,
8810,
148950,
139804,
1075,
62263,
141384,
155394,
18683,
145049,
30923,
14477,
17115,
124434,
4622,
33243,
7146,
2663,
187812,
4016,
177108,
2049,
25964,
264385,
317264,
29389,
29206,
7316,
13125,
136265,
3504,
124046,
2124,
183974,
25124,
109183,
1968,
5690,
23990,
65417,
19518,
65406,
22459,
10405,
15267,
31673,
29127,
174022,
21630,
21429,
13824,
146648,
143912,
137351,
7977,
23546,
24856,
149738,
24291,
20019,
11756,
16101,
21633,
135990,
20235,
28176,
30059,
3238,
8762,
164755,
7982,
30384,
12726,
12138,
170396,
22672,
8213,
29133,
120093,
25283,
24616,
1045,
30637,
17095,
7866,
142953,
23587,
7921,
19574,
163884,
13721,
11636,
19906,
25119,
10793,
14253,
26590,
18494,
25313,
1926,
24232,
186773,
5783,
24750,
174310,
4193,
149318,
17035,
23084,
10016,
1722,
13092,
6742,
6066,
31368,
121440,
3138,
175007,
21616,
112168,
17252,
25536,
4430,
63739,
5046,
10618,
187696,
66686,
7636,
133885,
187551,
64223,
185824,
10839,
2615,
142956,
5252,
4199,
115876,
25180,
294524,
61406,
287462,
126296,
183283,
23843,
31843,
2005,
8463,
158563,
30222,
27119,
158743,
8099,
28790,
6509,
12825,
22983,
1209,
5543,
8214,
9850,
17928,
12589,
180646,
6078,
25338,
21515,
22039,
29835,
162264,
8850,
16653,
18145,
64166,
24731,
183324,
14561,
11094,
9815,
6865,
7228,
10453,
34053,
20116,
122394,
166213,
2596,
10519,
29028,
4115,
4213,
12266,
64306,
61399,
8386,
21503,
61567,
3580,
23147,
12181,
1585,
1706,
28408,
31994,
26410,
8633,
156153,
25950,
10860,
7291,
19094,
4926,
24782,
6788,
138205,
12141,
24925,
117260,
162127,
8079,
64901,
14934,
17184,
117768,
9016,
26156,
3170,
29868,
28022,
28034,
61325,
18241,
9023,
2352,
9664,
146616,
105936,
32106,
162988,
6310,
23208,
12459,
164708,
3650,
27810,
180228,
24430,
29804,
174744,
11017,
184500,
189517,
30612,
162876,
174077,
60900,
198058,
61581,
64853,
179583,
7923,
23119,
165746,
163924,
7022,
144640,
34337,
8092,
64061,
13700,
186159,
8007,
11600,
5179,
28866,
14359,
24350,
7085,
2136,
14027,
3813,
64410,
135788,
2628,
138743,
5581,
2817,
34765,
12945,
117861,
156614,
13323,
24783,
179534,
13562,
18498,
8215,
177287,
20344,
64088,
3007,
6461,
136725,
11584,
12540,
63447,
3158,
2818,
171007,
11012,
3036,
33439,
11456,
6565,
149618,
6216,
28295,
2807,
3532,
17145,
126423,
24825,
66731,
1380,
29004,
64028,
11861,
20502,
27965,
6737,
4145,
66588,
150139,
160211,
11745,
8543,
144436,
180405,
174389,
20228,
100243,
60914,
157855,
29191,
2820,
7875,
165052,
6669,
27803,
6649,
25633,
190963,
31477,
6338,
10614,
9777,
7343,
10795,
27394,
7993,
12151,
8440,
64891,
4498,
8247,
62516,
9899,
3144,
133288,
176022,
61129,
6547,
133768,
8030,
8898,
28769,
10867,
178806,
3231,
64699,
2504,
118122,
30822,
4036,
19570,
17240,
3358,
156155,
5526,
9063,
145308,
160706,
14822,
16981,
23996,
179441,
8479,
9225,
66446,
24975,
161048,
3226,
5643,
12544,
5878,
147305,
8858,
160893,
8551,
29211,
7275,
3562,
11854,
24755,
17248,
28940,
24293,
184899,
63876,
17451,
62732,
4108,
117161,
114524,
22653,
10789,
33750,
9216,
29910,
19784,
141459,
166562,
178834,
64766,
65228,
9846,
8958,
23864,
20659,
18745,
28216,
11304,
111721,
143974,
11550,
18629,
11499,
9248,
3905,
18049,
14225,
65343,
10903,
11300,
30032,
28670,
316056,
1979,
266315,
4809,
1440,
9882,
60979,
27653,
10549,
63645,
11228,
11687,
28733,
34636,
148390,
21761,
8358,
27794,
14172,
20011,
16245,
180652,
20232,
179819,
14275,
4029,
18383,
1300,
3897,
12445,
1487,
24344,
25279,
179957,
25234,
8123,
34953,
113490,
133366,
29705,
16478,
23027,
17626,
13988,
33766,
32154,
65399,
21777,
9465,
26847,
11721,
6781,
18441,
63650,
63863,
1161,
4093,
5087,
10801,
141359,
27373,
6845,
14370,
162129,
26147,
8606,
16188,
11340,
145046,
1686,
179437,
7065,
30490,
13623,
64389,
22583,
7241,
11465,
6435,
62823,
11376,
27823,
13510,
162449,
19858,
6682,
177376,
154758,
175319,
20185,
63781,
24287,
182701,
5870,
160376,
1864,
160776,
7974,
264416,
12689,
177884,
8807,
11115,
6733,
163113,
3639,
17195,
7906,
8151,
19582,
30463,
126554,
12140,
8699,
162385,
140541,
16889,
110179,
8542,
19998,
62266,
1230,
10983,
3439,
13342,
3336,
7881,
21815,
65011,
30671,
64275,
29649,
21352,
16401,
3413,
178507,
9831,
137131,
29901,
15459,
14624,
179974,
166230,
185370,
187406,
3157,
29241,
16821,
64997,
9555,
5978,
121382,
144009,
61519,
8219,
183830,
5667,
28070,
162335,
178310,
7257,
4885,
27914,
8253,
25434,
29733,
24800,
30536,
1327,
185549,
63763,
11856,
2285,
6158,
176928,
65671,
8599,
26016,
264387,
30962,
1988,
1598,
5639,
65886,
116772,
4973,
61759,
28349,
125240,
18872,
144437,
26788,
65607,
5539,
66599,
145701,
162160,
32751,
7420,
24076,
180423,
20548,
12915,
12250,
65006,
121815,
13142,
11399,
17150,
6900,
7437,
179577,
14960,
12395,
23252,
6867,
3221,
150279,
147204,
23086,
16710,
4494,
160991,
30397,
65430,
5786,
24352,
150699,
31109,
184700,
18938,
1794,
30990,
61408,
21808,
4517,
10000,
5338,
156383,
27928,
3708,
2444,
185018,
160668,
25318,
29722,
264395,
6008,
1076,
2436,
23809,
164296,
16549,
10894,
28322,
65718,
64356,
170750,
5568,
1773,
187164,
10411,
30067,
163610,
14535,
4383,
16721,
3246,
15111,
5073,
163765,
11301,
3107,
6034,
119314,
14898,
186310,
161844,
111534,
186960,
28704,
187961,
23249,
4988,
7922,
25747,
28192,
61562,
5439,
62689,
139665,
65084,
64175,
12635,
3382,
5764,
150477,
187833,
24725,
175263,
7154,
196268,
183636,
26270,
2086,
13071,
2111,
30293,
164633,
3570,
2960,
4608,
3505,
110566,
7620,
259518,
1878,
14891,
61574,
119316,
144520,
165914,
64768,
20779,
28590,
11580,
133766,
9317,
12379,
3969,
174236,
180083,
4990,
63643,
14309,
15343,
2787,
2942,
164132,
7526,
1919,
20904,
61155,
9299,
10840,
128978,
8455,
5109,
66032,
32372,
125794,
126136,
25665,
4503,
181989,
63135,
9611,
29870,
7647,
2940,
146017,
11842,
10353,
178823,
9849,
122078,
64821,
63927,
3835,
11554,
28195,
174729,
160479,
150481,
60902,
61739,
7401,
26021,
14824,
4699,
14954,
179657,
11259,
20686,
18564,
189579,
16456,
65615,
21739,
5523,
20823,
22741,
122172,
20935,
11234,
5256,
7017,
2019,
4201,
24171,
65772,
8068,
16781,
185618,
185195,
7985,
1439,
160329,
13963,
147579,
13619,
28320,
175404,
23753,
148470,
177111,
29131,
120824,
22632,
118042,
61483,
11220,
64794,
23245,
5018,
157153,
10991,
63892,
63080,
27938,
164416,
24405,
170617,
6502,
177267,
64929,
19516,
185836,
119574,
3734,
29392,
157679,
9667,
28118,
180711,
111873,
31521,
29382,
5496,
30098,
27333,
13714,
15855,
29609,
181269,
15247,
14828,
2771,
7882,
150937,
1078,
16790,
5860,
21019,
174390,
9466,
28629,
174222,
3946,
2176,
12124,
23812,
184392,
7750,
16832,
2435,
64630,
187128,
2884,
2448,
12471,
264397,
7762,
25749,
175955,
24316,
23556,
162404,
163891,
3863,
1632,
3851,
13646,
13888,
1447,
149337,
125595,
176362,
4423,
31587,
65106,
10086,
19730,
10035,
7171,
14219,
28194,
28742,
14790,
5959,
4605,
177881,
17874,
25937,
2986,
35035,
13580,
4497,
18699,
29736,
8402,
156861,
142260,
6223,
30932,
30298,
2593,
5071,
328795,
14282,
3362,
122380,
6829,
29052,
100873,
28012,
178797,
162254,
10609,
21440,
160225,
1661,
185177,
10920,
183736,
180466,
30260,
18578,
8692,
116504,
15414,
5709,
23224,
10407,
20748,
6326,
3026,
61494,
11770,
171141,
16705,
61181,
14418,
19355,
121718,
65009,
4060,
175900,
1004,
64030,
66368,
6335,
7733,
27871,
150306,
28180,
12850,
1274,
122902,
66379,
4611,
8823,
4058,
183606,
187698,
29011,
3121,
6730,
162887,
30861,
14311,
7116,
24225,
61676,
157057,
22260,
24720,
5149,
8245,
15417,
4881,
4462,
147708,
8901,
12615,
30651,
29015,
8549,
133367,
28209,
27981,
164572,
16116,
63172,
30443,
60923,
28806,
4321,
21004,
31460,
2751,
6543,
24708,
8431,
104432,
11537,
26037,
143357,
6100,
29099,
7366,
31958,
11506,
2574,
31251,
5492,
9273,
6136,
5047,
8272,
8530,
65896,
141913,
178803,
176591,
23225,
158354,
2403,
1891,
326688,
11511,
10567,
2269,
3735,
13480,
12123,
154357,
4818,
15060,
7849,
105365,
62374,
31846,
4674,
25572,
140073,
162906,
6375,
185396,
12796,
24216,
63338,
18043,
26146,
65290,
11191,
121673,
62979,
23077,
2259,
145552,
22447,
7991,
176701,
14563,
1410,
6821,
28323,
1659,
147849,
31607,
149070,
12785,
179413,
63422,
28477,
22815,
9778,
7970,
18320,
8605,
30145,
4941,
23500,
12840,
34048,
186989,
63417,
15363,
10096,
144396,
5518,
120048,
6268,
8539,
31494,
136648,
146171,
105670,
66016,
17934,
178539,
27960,
12603,
139025,
35168,
144998,
147988,
183377,
66235,
179621,
1704,
29930,
26013,
64925,
3062,
7163,
6386,
65710,
24157,
22325,
170527,
63986,
11811,
11124,
25870,
6104,
5742,
2220,
188255,
7549,
21542,
3980,
29830,
4040,
148349,
17120,
196159,
133869,
183029,
14084,
21124,
31887,
17245,
7637,
191255,
9203,
6266,
6774,
18004,
7951,
64979,
19649,
12389,
5680,
17228,
21825,
25030,
11060,
10916,
29984,
28930,
9599,
163036,
25376,
19274,
14256,
24440,
118267,
7260,
145977,
24611,
27780,
119275,
199356,
10056,
28139,
163946,
152149,
177871,
63527,
18071,
4685,
187692,
1678,
4839,
11264,
23978,
64302,
7435,
16486,
21898,
61732,
148469,
33718,
27828,
7648,
126721,
28340,
10530,
9904,
11672,
5234,
2312,
184688,
5763,
2497,
23195,
11032,
12392,
13602,
61388,
10735,
65108,
27665,
7063,
178704,
10441,
23083,
158053,
24617,
10115,
61591,
31774,
5862,
2184,
189491,
175307,
187450,
12441,
24021,
23714,
4723,
171002,
8512,
19318,
111103,
5597,
26812,
10499,
29101,
165123,
13041,
25274,
24978,
61487,
12625,
22086,
13200,
187775,
7585,
24844,
10124,
121077,
66586,
19517,
6304,
1913,
20115,
10247,
22207,
4737,
19000,
62897,
4640,
1690,
3278,
5608,
31453,
8902,
61420,
16477,
1743,
13421,
21238,
14590,
124775,
24905,
183640,
166435,
3502,
19402,
1602,
185375,
142814,
258869,
15142,
28762,
163983,
1449,
5116,
158742,
29150,
2991,
26069,
171049,
4510,
13570,
13498,
65831,
27652,
16453,
160888,
28380,
66065,
4598,
62378,
13341,
2547,
154039,
24396,
183822,
6379,
3243,
10121,
150278,
160785,
24463,
29875,
192255,
5530,
30477,
111864,
30259,
8001,
260893,
3028,
5572,
8348,
11796,
11896,
109826,
144559,
170841,
65609,
23793,
133504,
30576,
183581,
18204,
65421,
31564,
181104,
25737,
21841,
24197,
24468,
8582,
3643,
5125,
6573,
2536,
22674,
29282,
184551,
176782,
9783,
5606,
162560,
9890,
176760,
1414,
165993,
9771,
184263,
25110,
2710,
66393,
15520,
34443,
29517,
2577,
10008,
24678,
12262,
61188,
65021,
137602,
11313,
29156,
129441,
30137,
2101,
5987,
118223,
4066,
16269,
23238,
1254,
33684,
174049,
25340,
28397,
114628,
3662,
185453,
133726,
29751,
181931,
29108,
260774,
24135,
121142,
2968
