49154,
65541,
90125,
90126,
32803,
16431,
16432,
90162,
90164,
90175,
24643,
90179,
90188,
90199,
32870,
90214,
90215,
16499,
41080,
16515,
90248,
90249,
16525,
16529,
16538,
16543,
16548,
90276,
32934,
16555,
82107,
90300,
24766,
90305,
90307,
16579,
90319,
16600,
65752,
32986,
49373,
57568,
41187,
16617,
24811,
82157,
82179,
90373,
16653,
16654,
90386,
41241,
82213,
16678,
16691,
16692,
16693,
90423,
90427,
57665,
16710,
90440,
41292,
65875,
90454,
90455,
82272,
16738,
82292,
16764,
82303,
16770,
82307,
24969,
90505,
41355,
90520,
24985,
65947,
16809,
16816,
90564,
90569,
57808,
57809,
16851,
57817,
16870,
90601,
90603,
41452,
49656,
25081,
90634,
49680,
90664,
25129,
66093,
57904,
90680,
82508,
49744,
82515,
90715,
90720,
17005,
90734,
82547,
66174,
90755,
90756,
66181,
82575,
25232,
17039,
82581,
90775,
82598,
90790,
90803,
90805,
90806,
66245,
82634,
90829,
82642,
25304,
82649,
82651,
82656,
25320,
90871,
17144,
82686,
90880,
17222,
25419,
66384,
90963,
82775,
82777,
90971,
50017,
90979,
90993,
58246,
91018,
25487,
91041,
91068,
58318,
91090,
91095,
58334,
91114,
82924,
25582,
25590,
17400,
91128,
91152,
91161,
33823,
17444,
58406,
58413,
91186,
83011,
17478,
91233,
91237,
66683,
83111,
83112,
83124,
25785,
83143,
42200,
91356,
91363,
91365,
34032,
66800,
91392,
17676,
91413,
91416,
75034,
83233,
17700,
83244,
42286,
58683,
75070,
91461,
91463,
83272,
17743,
17750,
75100,
25953,
75107,
91498,
91500,
91503,
17778,
17783,
91519,
17792,
17794,
75154,
58771,
50585,
91547,
91556,
17830,
75182,
75186,
91571,
91579,
50623,
58819,
42439,
17864,
91611,
83422,
75233,
75241,
17919,
26112,
83462,
17929,
91659,
91668,
75285,
75294,
91683,
42534,
91688,
83509,
42550,
75341,
75342,
91733,
42585,
26201,
18013,
58975,
42614,
75390,
59010,
83597,
83601,
75416,
59045,
83621,
91815,
18091,
50876,
34497,
75460,
91849,
91854,
75470,
91855,
59089,
83671,
18138,
18142,
18143,
18144,
18145,
18150,
18163,
75510,
91900,
75517,
91902,
50948,
91915,
26382,
83728,
91937,
26403,
59176,
10026,
42796,
10032,
75573,
75578,
10051,
75591,
91975,
91977,
75603,
59221,
75607,
83799,
83815,
83822,
59248,
34673,
10104,
10107,
42877,
75649,
75654,
10120,
67467,
92043,
51086,
92052,
18327,
42906,
10138,
10145,
59300,
83879,
75694,
34746,
59328,
92096,
83906,
83916,
10200,
92121,
18411,
83950,
18418,
18420,
18421,
26614,
18428,
92157,
10241,
34817,
59396,
83976,
10252,
67598,
59408,
34833,
84010,
75819,
75825,
75828,
10294,
75831,
92220,
84032,
59459,
10308,
92229,
75846,
84041,
10318,
92239,
26710,
84062,
18542,
43123,
84084,
18550,
10363,
75905,
18563,
34948,
92293,
10375,
75912,
10382,
18578,
10397,
18592,
84129,
92322,
51369,
10421,
92343,
75976,
26825,
84172,
18649,
10460,
51423,
59619,
35044,
92400,
84210,
92402,
10490,
10501,
67847,
84234,
92428,
92432,
10516,
10517,
92443,
10530,
35107,
18724,
84262,
18729,
92457,
76076,
18735,
18736,
76081,
76082,
84275,
35124,
92477,
76095,
43350,
76123,
84319,
76128,
76135,
76136,
10606,
84348,
59774,
10623,
10629,
84373,
51617,
84385,
27043,
84392,
51625,
76201,
92587,
76209,
84403,
92596,
68021,
92597,
43449,
92602,
35263,
76224,
92611,
10693,
76230,
92614,
10696,
43481,
92635,
10723,
76261,
92648,
76266,
92655,
76279,
76282,
18948,
18973,
43553,
84519,
92729,
10812,
84563,
68187,
84577,
68196,
92775,
76392,
10860,
92780,
92782,
10866,
10874,
10890,
84636,
10909,
10932,
92852,
92854,
76478,
60097,
68292,
27334,
76504,
19166,
35554,
84734,
11018,
92948,
92951,
84761,
60186,
76573,
27422,
84767,
76578,
27430,
76582,
60206,
76591,
92976,
84788,
76602,
76605,
52038,
76614,
93002,
93014,
84827,
76644,
35685,
93035,
27511,
52090,
76672,
76673,
11144,
76684,
93073,
11154,
19350,
93079,
93089,
76708,
76709,
11174,
76712,
27562,
76721,
76732,
19393,
11208,
76744,
93132,
76750,
76752,
76758,
27633,
76788,
93174,
93175,
93178,
76795,
76798,
11267,
52230,
60442,
85020,
27684,
76837,
76838,
76839,
76841,
85035,
11308,
19502,
85040,
76856,
93246,
85058,
85059,
76868,
85067,
35917,
11343,
85072,
19537,
93266,
60506,
44134,
19561,
52329,
11369,
93289,
52337,
93314,
11403,
11404,
19596,
35991,
36003,
60580,
93356,
44206,
85168,
11442,
27828,
60599,
85176,
85177,
93369,
93374,
85187,
52425,
85198,
60628,
11481,
68830,
93419,
77037,
93422,
27887,
27888,
44274,
85234,
93427,
93429,
85240,
52476,
85246,
19721,
11533,
60687,
85265,
11547,
36127,
77090,
44329,
27959,
77114,
11581,
77117,
77118,
77120,
77129,
27983,
11600,
11607,
27991,
11618,
85348,
85349,
11628,
77165,
19828,
77178,
85372,
77182,
77191,
19852,
85390,
11664,
85394,
52628,
11674,
77217,
19880,
69032,
11691,
52652,
85424,
85427,
77239,
60871,
85449,
77265,
11731,
85459,
52695,
77274,
85472,
52708,
11752,
52716,
85488,
11762,
77300,
11786,
85517,
60943,
77338,
11809,
77354,
36397,
77357,
77366,
44601,
60986,
28222,
85567,
11850,
20053,
85593,
44644,
85604,
77415,
11884,
11891,
36468,
85621,
11896,
61049,
85627,
85631,
77447,
85645,
77457,
20117,
85663,
11936,
52898,
11955,
77496,
28345,
52936,
85710,
77519,
77520,
44759,
77528,
11995,
85724,
11997,
44768,
85731,
28388,
12008,
85738,
20204,
85741,
52978,
85753,
12036,
61188,
77584,
12052,
12060,
85789,
12062,
85792,
12068,
77605,
77606,
12070,
12073,
77610,
12076,
12079,
61241,
77629,
12093,
12095,
28484,
53065,
77643,
77649,
53074,
77659,
77661,
85860,
85863,
77679,
85875,
53110,
85886,
61313,
85889,
77702,
44943,
28564,
85914,
77730,
20395,
85931,
69550,
12211,
20415,
69569,
12226,
53189,
69586,
77780,
61399,
77785,
85992,
53225,
86004,
20482,
86026,
69649,
12308,
20512,
77857,
36898,
77878,
61496,
12345,
61508,
86091,
12363,
77902,
86102,
77917,
77918,
86111,
86128,
20598,
61567,
28804,
20618,
86158,
12431,
12449,
61621,
12473,
12477,
20670,
78015,
86211,
12490,
78034,
86228,
78044,
12513,
12515,
61671,
45306,
12542,
78081,
78089,
20750,
12558,
12566,
12570,
20765,
61735,
12583,
12588,
61743,
78137,
86339,
12615,
78156,
12622,
12623,
86356,
78170,
12650,
53613,
78211,
70033,
86432,
29102,
70092,
12758,
86489,
70121,
12781,
61946,
86544,
86547,
29209,
21020,
86563,
86580,
86582,
21055,
86594,
12872,
12880,
62033,
70228,
12905,
12913,
12914,
62092,
21135,
45728,
12981,
45751,
21178,
86717,
86719,
37568,
21186,
37584,
21207,
13035,
13047,
86778,
86783,
86799,
86810,
13085,
86822,
86827,
13103,
13105,
13116,
13124,
78664,
86868,
13141,
13142,
45911,
54114,
78691,
62308,
78693,
86896,
13168,
70519,
21371,
54148,
62341,
13188,
13201,
62367,
78756,
86949,
29612,
70578,
86964,
13244,
86976,
13249,
78786,
86979,
13253,
86996,
87000,
87006,
13278,
54253,
78829,
37875,
46068,
87034,
13318,
13323,
87055,
87066,
78875,
78876,
62498,
87075,
87077,
87078,
13356,
87086,
13358,
13375,
78915,
21573,
78927,
13407,
13410,
78950,
78963,
13429,
78975,
78981,
13447,
78987,
87179,
79007,
79026,
79037,
38093,
46288,
79057,
13522,
13520,
13527,
79072,
87267,
87268,
13543,
13548,
21742,
79089,
29938,
79094,
87289,
79103,
87299,
79108,
13579,
38156,
13580,
21776,
13586,
87318,
79133,
21792,
13600,
79144,
79145,
13610,
21806,
79150,
70965,
13622,
13625,
87356,
54594,
13641,
87388,
13661,
79198,
79210,
87415,
13687,
46463,
79233,
87426,
79235,
79238,
87432,
13704,
79248,
13712,
87445,
87447,
13721,
79265,
13730,
21928,
21936,
13748,
13752,
13760,
79299,
13766,
79323,
13787,
13788,
79338,
62958,
46578,
87541,
13825,
71175,
71176,
13837,
13856,
13862,
13877,
13887,
13901,
46674,
79444,
22103,
13911,
79452,
22111,
13919,
13921,
46690,
13928,
87657,
87659,
46703,
13936,
13949,
13963,
13964,
79507,
63125,
13983,
87717,
87725,
30382,
14008,
79545,
79547,
79558,
79571,
14036,
14037,
55001,
87789,
14071,
79611,
14076,
38659,
87812,
14088,
14097,
22293,
79637,
14102,
38682,
87842,
46886,
38703,
71475,
79668,
14141,
79678,
14145,
79686,
14181,
14185,
38762,
14213,
22410,
71563,
14221,
79758,
87952,
79764,
47002,
79770,
14235,
79782,
30648,
14277,
79824,
14295,
30680,
30681,
14297,
88031,
79839,
79841,
63467,
22509,
14317,
14318,
79857,
79859,
22517,
79862,
14338,
79878,
79879,
79881,
14359,
79906,
22592,
14401,
88152,
88159,
88167,
88174,
14456,
14459,
88197,
88203,
14479,
14487,
14490,
80034,
88232,
80054,
14526,
88259,
80069,
80072,
14541,
14542,
80080,
14547,
55511,
88280,
88281,
30940,
22752,
63715,
80100,
14567,
14579,
22779,
71933,
88319,
80128,
14593,
14601,
14603,
14608,
47379,
63765,
88343,
63773,
88352,
80167,
14632,
22825,
55597,
14638,
14642,
39220,
88373,
80183,
14651,
80191,
80204,
14670,
80210,
14682,
14684,
80223,
14688,
88417,
31077,
14696,
80233,
47466,
80236,
14702,
14704,
88436,
14714,
14716,
88446,
80286,
14751,
14755,
14763,
14773,
14776,
14782,
80320,
88519,
14795,
14803,
80341,
14812,
14816,
80362,
23026,
80375,
88568,
80381,
80399,
80406,
80412,
80415,
14882,
80422,
88615,
14889,
80432,
47677,
39490,
88648,
14926,
88661,
88664,
47706,
14939,
14941,
14953,
14960,
39538,
47730,
80498,
14969,
14985,
23182,
39571,
80539,
88742,
15014,
55976,
15022,
80563,
23229,
80575,
64194,
15052,
15059,
39642,
15071,
15079,
15084,
23297,
88837,
88841,
31500,
39693,
47896,
64282,
88860,
15133,
88865,
15142,
80681,
88873,
80683,
80688,
15167,
15168,
88897,
47941,
80711,
80719,
15194,
23393,
15202,
15216,
80759,
15231,
48004,
64390,
80774,
80779,
80791,
80795,
56223,
15272,
89002,
89003,
89006,
15279,
23473,
89017,
15291,
64450,
89031,
89036,
56274,
89044,
15318,
15323,
80864,
56290,
39917,
89070,
89071,
23536,
15343,
48144,
72726,
89110,
23579,
80928,
15395,
15397,
15398,
15400,
15408,
15409,
15429,
89167,
15440,
89179,
15454,
15455,
15456,
89195,
23660,
15482,
89215,
89216,
89217,
15488,
15489,
15490,
64653,
81045,
89244,
81055,
23712,
72864,
89258,
15535,
89269,
40125,
81095,
89290,
89297,
89301,
15579,
48347,
89307,
89323,
89327,
56573,
89353,
23819,
72980,
89369,
23835,
15643,
15647,
72996,
15658,
89387,
89393,
89395,
89406,
81220,
81222,
15694,
40272,
15702,
81241,
15707,
15710,
48486,
81254,
15720,
89447,
15719,
89453,
89463,
48506,
23931,
81282,
64899,
89482,
48523,
81294,
15774,
64929,
89506,
89509,
64936,
73139,
89533,
64961,
89540,
24010,
64995,
89574,
89575,
24053,
40440,
73219,
48653,
89626,
89641,
24109,
15917,
89653,
81481,
48725,
40539,
81501,
15980,
81540,
24205,
89753,
81577,
16044,
89781,
24248,
81593,
89800,
16076,
24272,
81621,
16087,
89824,
89826,
81655,
16126,
81666,
24328,
89866,
81675,
81677,
65294,
81678,
89875,
89876,
65306,
65307,
81696,
16171,
89900,
48944,
89908,
16186,
57154,
89922,
81736,
65365,
89946,
89952,
89971,
49015,
24440,
16253,
16260,
49031,
24459,
16276,
16277,
24476,
90012,
16290,
16308,
90038,
16319,
32707,
16338,
16342,
90081,
90090,
90092,
90097,
81910,
81917
